{
  "advancedEditorSelectedIdentifier" : "ShaderGraphEditorPluginID",
  "openSceneRelativePaths" : [
    "Scene.usda"
  ],
  "recentIdentifiers" : {

  },
  "sceneCameraHistory" : {
    "26DBAE76-5DD8-47B6-A085-1B4ADA111097" : [
      {
        "date" : 775154010.476329,
        "title" : "Untitled",
        "transform" : [
          0.5493,
          -7.185927e-05,
          -0.8356252,
          0,
          -0.7067656,
          0.53347194,
          -0.4646398,
          0,
          0.44581592,
          0.8458178,
          0.29298535,
          0,
          0.13519683,
          0.1588215,
          0.025636643,
          1
        ]
      },
      {
        "date" : 775154008.832456,
        "title" : "Untitled",
        "transform" : [
          0.5493001,
          -7.187983e-05,
          -0.8356252,
          0,
          -0.7067656,
          0.53347194,
          -0.4646398,
          0,
          0.44581595,
          0.84581774,
          0.29298535,
          0,
          0.02703686,
          0.53464866,
          0.48436657,
          1
        ]
      },
      {
        "date" : 775153982.962946,
        "title" : "Untitled",
        "transform" : [
          0.506897,
          1.6860824e-10,
          -0.86200666,
          0,
          -0.32400143,
          0.92667294,
          -0.19052675,
          0,
          0.7987982,
          0.3758688,
          0.46972767,
          0,
          0.32013568,
          0.355742,
          0.5166543,
          1
        ]
      },
      {
        "date" : 775153979.263028,
        "title" : "Untitled",
        "transform" : [
          0.506897,
          1.6860824e-10,
          -0.86200666,
          0,
          -0.32400143,
          0.92667294,
          -0.19052675,
          0,
          0.7987982,
          0.3758688,
          0.46972767,
          0,
          0.024580386,
          0.21667066,
          0.3428551,
          1
        ]
      },
      {
        "date" : 775153976.846859,
        "title" : "Untitled",
        "transform" : [
          0.2735867,
          -1.1290741e-05,
          -0.96184736,
          0,
          -0.5349656,
          0.8310563,
          -0.15217471,
          0,
          0.79935104,
          0.5561882,
          0.2273599,
          0,
          0.024899105,
          0.3206164,
          0.20314121,
          1
        ]
      },
      {
        "date" : 775153963.567378,
        "title" : "Untitled",
        "transform" : [
          0.99864304,
          6.8934386e-11,
          -0.05207672,
          0,
          -0.02513217,
          0.87584144,
          -0.48194405,
          0,
          0.045610957,
          0.4825989,
          0.874653,
          0,
          0.047213957,
          0.23918928,
          0.32518035,
          1
        ]
      },
      {
        "date" : 775153944.567342,
        "title" : "Untitled",
        "transform" : [
          0.99864304,
          6.8934386e-11,
          -0.05207672,
          0,
          -0.02513217,
          0.87584144,
          -0.48194405,
          0,
          0.045610957,
          0.4825989,
          0.874653,
          0,
          0.046737,
          0.23414274,
          0.31603408,
          1
        ]
      },
      {
        "date" : 775153936.000958,
        "title" : "Untitled",
        "transform" : [
          0.99864304,
          6.8934386e-11,
          -0.05207672,
          0,
          -0.02513217,
          0.87584144,
          -0.48194405,
          0,
          0.045610957,
          0.4825989,
          0.874653,
          0,
          0.012748925,
          0.15696912,
          0.36038786,
          1
        ]
      },
      {
        "date" : 775153932.152788,
        "title" : "Untitled",
        "transform" : [
          0.99999994,
          0,
          0,
          0,
          0,
          0.8660254,
          -0.49999988,
          0,
          0,
          0.49999988,
          0.8660254,
          0,
          -0.023800641,
          0.19912226,
          0.33715653,
          1
        ]
      },
      {
        "date" : 775153915.11524,
        "title" : "Untitled",
        "transform" : [
          0.99999994,
          0,
          -0,
          0,
          -0,
          0.8660254,
          -0.49999988,
          0,
          0,
          0.49999988,
          0.8660254,
          0,
          0,
          0.19568701,
          0.33913988,
          1
        ]
      }
    ]
  }
}